0 0.5835936657608024 0.5806324400710619 0.08592421189493056 0.0637150192218769
0 0.5558017791714995 0.37738793136463467 0.04003850180902226 0.05040279172311406
0 0.42825995533620986 0.3372022653766896 0.09792624491161739 0.0846007293077851
0 0.43516280981333716 0.5432475474888653 0.11724945499752555 0.09652087516934209
0 0.11125832032878669 0.5917171884891822 0.08649742198083885 0.0746525192218769
0 0.08220822817613134 0.49826043758467103 0.05097600180902231 0.050976001809022266
0 0.3473141655336598 0.9839766095655099 0.08831222749876284 0.032046780868980204
0 0.20265576775153882 0.26928334577069996 0.0795923247398008 0.06182497060135787
0 0.2634660357302202 0.10652107417397394 0.13318871551297518 0.16280097241038013
0 0.9929819959854707 0.5029876334214842 0.014036008029058777 0.03938340456798421
0 0.8216724406368888 0.39599624773669245 0.12678822930778502 0.10013719810012063