0 0.5843949136018145 0.527626978899977 0.07180556733052797 0.08870003571381488
0 0.38745791541591296 0.5740594683466702 0.053090283665263985 0.04465002678536116
0 0.31405264255042215 0.46433564082996026 0.09255457694917482 0.10155459172016953
0 0.5086905307548572 0.3968366749222174 0.10576390507947586 0.12208528003177213
0 0.46347471215838476 0.0646105560096497 0.08123513103285873 0.090426176947517
0 0.36910715326537735 0.07094810511614527 0.05498016587924912 0.05405230032431156
0 0.9073189705959053 0.14910691802565385 0.06561013103285873 0.0901534415580136
0 0.18842761605673436 0.269533429790186 0.0684623125212045 0.08239548863591431
0 0.07527783002921767 0.3872039452114616 0.12840279691210787 0.1443421095770768
0 0.6285517184032885 0.9638411684293956 0.041989092558271324 0.03977161201270896
0 0.47830120334234616 0.8249713575517772 0.11083335099579195 0.13310460064862326