0 0.14918537110067995 0.405948216721817 0.04551248789975162 0.035165932629559825
0 0.6781077182954507 0.9310365767092262 0.13158634328594587 0.06010347727182861
0 0.4832114340378089 0.19154520292539462 0.050263620413308986 0.04618525324641087
0 0.35101655757437583 0.22197481696669835 0.15049087939029934 0.08699325973923264
0 0.747000181503726 0.5025337013038368 0.05022725897699054 0.039935253246410875
0 0.5331876663784156 0.46330142614003333 0.04546703610435365 0.027353432629560005
0 0.10548328455222937 0.9355635787345259 0.06740566861791084 0.038672762174864775
0 0.14485940194047617 0.8809754902607674 0.04862839754067196 0.03365797970746058
0 0.12833549815328826 0.7672129991892211 0.04241475897699045 0.039798885551659245
0 0.03664290184228031 0.8180272512178159 0.04251475292686624 0.056986385551659066
0 0.00915981391908761 0.9037016984578724 0.01831962783817522 0.04884660308425524