0 0.8664719059632644 0.5833645081158128 0.044513719414791805 0.033321577339272324
0 0.29531380642076394 0.07060559070654363 0.13088763050895835 0.05307155068427192
0 0.5498520228888548 0.8054004034054512 0.04941942496187508 0.04275112133990868
0 0.6794843182917021 0.7709810447564959 0.1486570119678472 0.07827154535327167
0 0.26080182779100736 0.5005561727004985 0.04927395459715278 0.03650112133990877
0 0.47793542961461843 0.5343242873965426 0.04589438145888884 0.025527258672817865
0 0.8666251087574655 0.05304120878417641 0.06642508700597247 0.035138616008908684
0 0.8319786582443751 0.10809178811263118 0.04912848423243048 0.03025112133990877
0 0.8572715586049654 0.22163666744904012 0.04153418977951375 0.039535214672181594
0 0.9450611929136461 0.16798550346113048 0.04033536569131968 0.05514203333863614
0 0.9778892638677084 0.08090367413267571 0.044221472264583284 0.04583975867281791