0 0.03589919778837734 0.6646573976388679 0.06292724687674203 0.07380111436318479
0 0.40524707796424364 0.22811889217791884 0.02990566861791084 0.0376727168225127
0 0.504670361043535 0.2626979043763631 0.03936248184962743 0.05178975897699045
0 0.4506595719141194 0.24504277176460992 0.034765885440423715 0.06738748789975162
0 0.42504194837755255 0.2733177626894236 0.040979524004105095 0.06117384933607006
0 0.4460079124695907 0.11694049766230893 0.028415891490547907 0.05016362646343313
0 0.4827721142649889 0.12453937422393793 0.03470225292686635 0.05644998789975161
0 0.647229524004105 0.05717409134103827 0.0473204275949012 0.07683521077238853
0 0.6201766654946528 0.10733317262493158 0.051844301131468026 0.04873748184962738
0 0.6774533551898025 0.14918887451852553 0.03616475897699054 0.03927157825883123
0 0.7928107104778009 0.23680198312617362 0.056595433645025395 0.05970225292686626
0 0.8358158219141195 0.24280199825148413 0.036455650467538445 0.08927157825883122
0 0.9276942497054124 0.1891406670657867 0.05355224687674216 0.07374657220870695
0 0.9837982830792914 0.09037136895938065 0.03240343384141724 0.051753397540671965
0 0.2530412459929793 0.6555813377268009 0.06309996369925477 0.1034886143631848