0 0.940625 0.271875 0.05234375 0.0671875
0 0.6328125 0.753125 0.025 0.03515625
0 0.5296875 0.7328125 0.0328125 0.046875
0 0.58515625 0.74296875 0.02421875 0.0640625
0 0.60703125 0.71171875 0.0328125 0.05703125
0 0.60703125 0.86953125 0.021875 0.04765625
0 0.56953125 0.86640625 0.0265625 0.05234375
0 0.415625 0.95546875 0.0375 0.07109375
0 0.4359375 0.9015625 0.046875 0.0421875
0 0.3734375 0.86796875 0.03125 0.03515625
0 0.24765625 0.796875 0.04921875 0.05234375
0 0.20390625 0.79609375 0.02578125 0.0859375
0 0.1203125 0.86171875 0.04296875 0.06953125
0 0.05625 0.9703125 0.06875 0.0421875
0 0.7265625 0.309375 0.05 0.09609375