0 0.6652164673376817 0.022502339568841095 0.07416475334181775 0.04500467913768219
0 0.23516862472149747 0.3972002942731545 0.03784544533736352 0.030778638558944315
0 0.27147938940163324 0.4953961018741442 0.052017033338636144 0.04056281551854859
0 0.2528833833943154 0.44201268910030506 0.06758748933799978 0.036329956584775405
0 0.28070839139081555 0.41541308518109676 0.06141021467218159 0.04239810015828453
0 0.12471293006045177 0.4418344958433648 0.05032726400381802 0.029579851411925873
0 0.1329526913987697 0.47832592531025153 0.056649989337999786 0.03601170783841656
0 0.06846457208781415 0.6451018998417155 0.07710794000636334 0.049102741224511345
0 0.11814639875076886 0.6163032984297896 0.04903748400699968 0.05297188730530315
0 0.1609975174251776 0.6721070175509772 0.03948067067154524 0.03707410266556703
0 0.2506150954407678 0.7843820455267958 0.060029528007635946 0.05797763605166182
0 0.25736508211326753 0.8271689391003051 0.08948067067154515 0.038528954077492725
0 0.20531278079244877 0.9209022187254762 0.07405566534054513 0.05526181301126591
0 0.10753889946685749 0.980797707442705 0.05194430800445434 0.034312815518548236
0 0.6599311727004984 0.23010109316516258 0.10385225334181776 0.065500631037097